145 146 147 145 146 147 145 146 147 145 146 147 145 146 147 145 146 147 145 146 147 144 144 144 144 144 144 144 144 144 144 144 144 144 144 144 144 144 144 84 85
145 146 147 145 146 147 145 146 147 145 146 147 145 146 147 145 146 147 145 146 147 144 144 144 144 144 144 144 144 144 144 144 144 144 144 144 144 144 144 84 85
145 146 147 145 146 147 145 146 147 145 146 147 145 146 147 145 146 147 145 146 147 144 121 105 105 105 105 105 105 105 105 105 105 105 105 105 105 144 144 84 85
145 146 147 145 146 147 145 146 147 145 146 147 145 146 147 145 146 147 145 146 147 144 136 125 125 125 125 125 125 125 125 125 125 125 125 125 125 144 144 84 85
145 146 147 145 146 147 145 146 147 145 146 147 145 146 147 145 116 147 145 146 147 144 31 27 27 27 27 27 27 27 27 27 27 27 27 27 27 27 31 84 85
145 146 147 145 146 147 145 146 147 116 146 147 145 146 147 145 146 147 145 146 147 144 31 27 27 27 27 27 27 27 27 27 27 27 27 27 27 27 31 84 85
145 146 147 145 146 147 145 146 147 145 146 147 145 146 147 145 146 147 145 146 147 144 31 27 27 27 27 27 27 27 27 27 27 27 27 27 27 27 31 84 85
145 146 147 145 146 147 145 146 147 149 150 151 145 146 147 145 146 147 145 146 147 144 31 27 27 27 27 27 27 27 27 27 27 27 27 27 27 27 31 84 85
145 146 147 145 146 147 145 146 147 145 146 147 145 146 147 145 146 147 145 146 147 144 31 27 27 27 27 27 27 27 27 27 27 27 27 27 27 27 31 84 85
145 146 147 145 146 147 145 146 147 145 146 147 145 146 147 145 146 147 145 146 147 144 31 27 27 27 27 27 27 27 27 27 27 27 27 27 27 27 31 84 85
145 146 147 145 146 147 145 146 147 145 146 147 145 146 147 145 146 116 145 146 147 144 31 27 27 27 27 27 27 27 27 27 27 27 27 27 27 27 31 84 85
145 146 147 145 146 149 150 151 147 145 146 147 145 146 147 145 146 147 145 146 147 144 31 27 27 27 27 27 27 27 27 27 27 27 27 27 27 27 31 84 85
145 146 147 145 146 147 145 146 147 145 146 147 145 146 147 145 146 147 145 146 147 144 31 27 27 27 27 27 27 27 27 27 27 27 27 27 27 27 31 84 85
145 146 147 145 146 147 145 146 147 145 146 147 145 146 147 145 146 147 145 146 147 144 31 27 27 27 27 27 27 27 27 27 27 27 27 27 27 27 31 84 85
145 146 147 145 146 147 145 146 147 145 146 147 145 146 147 145 146 147 145 146 147 144 31 27 27 27 27 27 27 27 27 27 27 27 27 27 27 27 31 84 85
145 146 147 145 146 147 145 146 147 145 146 147 145 146 147 145 146 147 145 146 147 144 31 27 27 27 27 27 27 27 27 27 27 27 27 27 27 27 31 84 85
145 146 147 145 146 147 145 146 147 145 146 147 145 146 147 145 146 147 145 146 147 144 31 27 27 27 27 27 27 27 27 27 27 27 27 27 27 27 31 84 85
145 146 147 145 146 147 145 146 147 145 146 147 145 146 147 145 146 147 145 146 147 144 31 27 27 27 27 27 27 27 27 27 27 27 27 27 27 27 31 84 85
145 146 147 145 146 147 145 146 147 145 146 147 145 146 147 145 146 147 145 146 147 144 31 27 27 27 27 27 27 27 27 27 27 27 27 27 27 27 31 84 85
145 146 147 145 146 147 145 146 147 145 146 147 145 146 147 145 116 147 145 146 147 144 31 27 27 27 27 27 27 27 27 27 27 27 27 27 27 27 31 84 85
145 146 147 145 146 147 145 146 147 145 146 147 145 146 147 145 146 147 145 146 147 144 31 27 27 27 27 27 27 27 27 27 27 27 27 27 27 27 31 84 85
145 146 147 145 146 147 145 149 150 151 146 147 145 146 147 145 146 147 145 146 147 144 31 27 27 27 27 27 27 27 27 27 27 27 27 27 27 27 31 84 85
145 146 147 145 146 147 145 146 147 145 146 147 145 146 147 145 146 147 145 146 147 144 31 27 27 27 27 27 27 27 27 27 27 27 27 27 27 27 31 84 85
145 146 147 145 146 147 145 146 147 145 146 147 145 146 147 145 146 147 145 146 147 144 31 27 27 27 27 27 27 27 27 27 27 27 27 27 27 27 31 84 85
145 146 147 149 150 151 145 146 147 145 146 147 145 146 147 116 146 147 145 146 147 144 31 27 27 27 27 27 27 27 27 27 27 27 27 27 27 27 31 84 85
145 146 147 145 146 147 145 146 147 145 146 147 145 146 147 145 146 147 145 146 147 144 31 27 27 27 27 27 27 27 27 27 27 27 27 27 27 27 31 84 85
145 146 147 145 146 147 145 146 147 145 146 147 145 146 147 145 146 147 145 146 147 144 117 118 118 118 118 118 118 118 118 118 118 118 118 118 118 118 144 84 85
145 146 147 145 146 147 145 146 149 150 151 147 145 146 147 145 146 147 145 146 147 144 144 144 144 144 144 144 144 144 144 144 144 144 144 144 144 144 144 84 85
145 146 147 145 146 147 145 146 147 145 146 147 145 146 147 145 146 147 145 146 147 144 144 144 144 144 144 144 144 144 144 144 144 144 144 144 144 144 144 84 85
145 146 147 145 146 147 145 146 147 145 146 147 145 146 147 145 146 147 145 146 147 144 144 144 144 144 144 144 144 144 144 144 144 144 144 144 144 144 144 84 85
145 146 147 145 146 147 145 146 147 145 146 147 145 146 147 145 146 147 145 146 147 144 144 144 144 144 144 144 144 144 144 144 144 144 144 144 144 144 144 84 85